0,3,6,7,10,11,12,13,20,26,29,30,31,32,34,36,37,39,41,44,46,47,49,53,55,56
0,2,4,6,7,10,11,12,13,21,24,28,31,32,33,36,38,39,42,44,46,48,49,50,52,53,54,55
0,3,6,7,10,11,12,16,21,23,28,33,35,38,40,42,44,46,47,49,54,55,56
0,3,4,5,8,10,15,21,23,28,30,31,33,35,37,40,42,43,45,48,49,51,53,54
0,3,4,6,7,10,16,21,26,28,31,33,35,37,40,42,44,46,47,49,51,53,56
0,3,4,6,7,10,11,16,21,23,28,32,33,36,38,40,42,44,46,47,49,50,51,52,53,54
0,3,6,8,10,11,12,17,20,23,28,33,35,37,40,41,44,46,47,49,50,51,55,56
0,2,4,6,8,10,15,18,24,28,31,33,36,37,39,41,44,45,47,49,50,52,53,55,56
0,3,4,5,7,10,11,12,15,21,26,27,31,33,35,37,40,42,44,45,48,49,50,54,56
0,3,4,6,7,10,15,20,24,27,30,33,35,37,39,42,43,46,47,49,50,51,52,53,54,55
0,3,4,5,7,10,11,12,13,20,23,28,30,31,33,35,37,39,42,44,45,47,49,50,51,52,53,54,56
0,2,4,6,8,9,11,17,20,23,28,31,33,36,37,40,42,44,45,47,49,54,55,56
0,2,6,7,10,11,12,15,20,24,28,31,33,36,37,39,42,44,46,48,49,53,54,56
1,3,4,6,8,10,15,21,24,27,30,33,35,37,39,41,44,46,48,56
0,2,4,5,7,10,11,12,16,21,26,28,30,31,33,36,37,40,42,44,46,47,49,51,54
1,2,4,6,7,10,11,12,17,22,26,28,30,31,33,35,37,40,41,44,46,47,49,51,56
1,2,4,6,7,10,15,18,23,27,30,33,35,37,40,41,44,45,47,50,51,52,53,54,55,56
0,3,6,7,9,15,20,24,29,31,33,36,37,39,42,44,46,48,49,50,56
0,2,4,6,8,10,11,12,14,21,23,28,30,33,36,37,39,42,44,46,47,51,53,55,56
1,2,5,7,10,11,12,17,20,23,28,30,33,35,37,39,42,44,46,48,50,52,53,54,56
0,2,6,7,10,11,12,17,19,26,28,31,33,36,37,39,42,44,46,47,56
0,2,6,7,10,11,12,16,21,26,28,31,33,36,37,40,42,44,46,47,55,56
0,2,4,6,7,10,16,21,24,28,31,33,36,37,39,42,44,46,47,49,54,56
0,3,4,6,7,10,11,12,17,21,24,27,31,33,36,37,40,42,44,46,47,49,52,56
1,3,4,5,7,10,15,21,24,29,30,31,32,33,35,37,39,42,44,46,47,49,50,51,52,53,55,56
0,3,6,7,10,11,12,17,19,26,28,31,33,36,37,40,42,44,45,47,54,55,56
1,2,5,8,10,15,21,23,27,31,33,35,37,40,42,44,45,48,49,50,56
0,3,4,5,7,10,11,15,20,23,28,30,31,32,34,36,37,39,42,44,46,48,49,50,51,53,55
0,2,6,7,9,11,12,16,21,26,28,31,33,36,37,40,42,44,46,47,49,56
0,2,4,5,7,10,13,21,23,28,30,31,33,35,37,40,42,44,45,47,56
0,2,6,7,10,12,13,21,24,28,31,33,35,37,40,41,44,46,48,49,51,56
1,3,4,6,7,10,15,20,23,27,32,33,36,37,40,42,43,46,48,49,51,52,53,55
0,3,6,7,10,11,12,17,20,23,28,30,31,33,36,37,39,42,44,46,47,49,50,56
0,3,6,7,10,11,12,14,21,24,28,31,33,36,38,39,41,44,46,47,49,50,52,53,54,56
0,3,4,6,7,10,11,12,17,22,23,28,33,36,37,40,41,44,46,47,49,54,55
0,3,5,7,10,11,12,16,21,26,28,33,36,37,40,42,44,46,47,49,52,53,54,56
1,2,4,6,7,10,11,13,20,24,28,30,33,35,37,39,42,44,45,48,49,52,55,56
0,2,4,5,7,10,15,20,23,29,30,31,33,36,38,40,42,43,46,48,55,56
0,3,5,7,10,15,20,23,28,30,33,35,37,40,41,44,45,47,53,56
0,2,6,7,10,15,20,26,28,31,33,35,37,39,42,44,46,48,49,53,56
1,3,6,7,10,11,12,16,21,23,27,30,33,36,37,40,41,44,46,47,49,52,53,55,56
0,2,6,7,10,15,20,24,28,31,33,36,37,39,41,44,46,47,49,51,54,56
0,3,4,5,7,10,15,20,24,27,30,31,33,35,37,39,41,44,46,48,49,56
0,2,4,6,8,10,11,12,15,20,26,29,31,32,33,35,38,40,42,44,46,47,54,56
0,2,4,6,7,10,15,20,26,28,30,32,34,35,37,39,42,44,46,48,49,54,55,56
0,3,6,7,10,11,12,17,22,24,28,31,33,36,38,40,42,44,46,48,49,50,51,52,53,54,55,56
1,2,4,5,7,10,13,20,25,28,33,36,38,39,42,44,46,47,49,54,55
0,2,6,7,10,11,12,17,20,25,28,31,33,35,37,40,42,44,46,48,55,56
1,2,4,6,7,10,11,17,21,24,28,31,34,36,37,40,42,44,46,47,49,50,51,53,54
1,2,4,6,7,9,13,20,23,28,30,31,32,33,36,37,39,42,44,45,47,49,54
0,3,6,7,10,12,15,21,23,27,34,36,37,40,41,44,46,48,53,56
0,2,6,7,10,15,20,23,28,31,34,36,37,39,42,44,46,47,49,55,56
0,2,4,6,7,10,11,12,14,21,26,28,31,33,36,37,39,42,44,46,47,49,56
0,2,6,7,10,15,20,23,28,33,35,37,39,42,43,46,47,49,51,54,55,56
1,2,5,8,10,15,20,24,27,30,33,36,37,40,42,44,45,48,49,54,56
1,2,4,6,7,10,16,18,26,27,30,31,33,35,37,40,41,44,46,47,49,51,56
1,3,6,8,10,11,12,13,18,26,27,31,33,36,37,40,42,44,46,47,49,54,56
0,2,4,5,7,10,11,12,13,21,23,27,31,33,36,37,40,41,44,46,47,49,51,52,53,54,56
0,3,6,8,10,16,19,26,28,31,33,36,37,40,42,44,46,47,49,51,54,56
0,2,4,6,8,10,11,17,20,23,28,31,33,36,37,40,42,44,46,47,49,56
0,2,4,6,7,10,11,12,16,20,23,28,31,33,35,37,39,42,44,46,47,49,50,51,53,54,55,56
0,3,4,6,8,10,11,12,14,20,23,28,30,31,33,35,37,40,42,44,46,48,50,51,53,54,55,56
0,2,6,7,10,11,12,16,20,26,28,33,35,37,40,42,44,46,47,49,50,51,53,55,56
0,3,4,6,7,10,11,12,15,20,23,28,31,33,35,37,40,42,44,46,47,49,52,56
0,2,4,6,7,10,11,12,14,19,26,27,31,32,34,36,37,40,42,44,46,48,50,51,54,56
1,2,4,5,8,9,16,20,26,28,30,31,33,35,37,40,42,44,46,48,49,55,56
1,3,4,5,7,10,15,21,25,27,30,33,35,37,39,41,43,45,47,49,52,53,54,55,56
1,2,5,7,10,11,12,13,20,23,28,30,33,36,37,39,42,44,46,47,49,50,51,52,53,54,55,56
0,2,4,6,8,9,11,12,16,20,24,28,31,34,36,37,39,42,44,46,47,49,54,56
0,2,6,8,10,11,15,20,24,27,31,34,36,37,39,42,44,45,47,52,53,56
0,2,6,7,10,11,16,20,23,28,31,33,36,38,39,42,44,46,47,49,54,56
0,3,6,7,10,16,21,24,27,31,33,36,37,40,42,44,46,47,49,50,51,54,55,56
1,3,4,5,7,10,13,18,23,29,30,32,34,36,37,39,42,44,45,47,49,54,56
0,2,6,7,10,11,12,17,22,23,28,30,33,35,37,40,42,44,46,47,49,54,55,56
0,2,4,6,8,10,11,12,15,20,26,28,31,33,36,37,40,42,44,46,48,49,52,53,55,56
0,3,6,7,10,12,15,20,23,28,30,31,33,36,37,39,41,44,46,48,52,55,56
1,2,6,7,10,11,12,14,19,23,28,31,33,36,37,39,42,44,46,48,49,51,55
0,2,6,7,10,11,14,21,24,27,31,33,35,37,39,42,44,46,48,49,56
0,3,4,6,7,10,11,16,20,25,28,31,33,35,37,40,42,44,46,48,49,50,51,52,53,54,56
0,2,6,7,10,11,14,21,24,28,31,33,36,37,40,42,44,46,48,54,56
0,2,5,7,10,15,20,23,28,30,32,33,35,37,40,42,44,46,48,49,50,51
0,3,4,6,8,9,11,15,20,26,28,31,33,36,37,39,42,44,46,47,49,50,51,54,55,56
1,3,4,5,7,10,11,12,13,21,25,28,30,33,36,38,40,42,44,46,48,50,51,55,56
0,3,4,6,7,10,11,12,15,20,26,27,31,33,35,37,40,41,44,46,47,49,51,53,54,55,56
1,2,4,6,7,10,11,12,16,21,23,27,31,33,36,37,39,42,44,45,48,49,51,54,56
0,3,6,8,9,11,14,19,25,27,30,33,35,37,39,42,44,45,47,49,50,51,52,53,54,55
1,2,4,5,8,9,11,15,18,23,29,30,31,33,36,38,39,42,43,45,47,49,52,55
0,2,6,7,10,11,12,17,19,24,28,31,34,36,37,40,42,44,46,47,50,51,52,53,54,56
1,3,6,8,10,16,21,25,28,30,31,33,35,37,39,42,44,45,47,49,52,56
0,2,6,8,10,15,21,26,27,31,34,35,37,40,42,44,46,47,49,50,56
0,2,6,8,9,11,12,15,20,23,28,31,34,36,38,40,42,44,46,48,49,54,55,56
0,2,4,6,7,10,11,15,20,23,27,31,33,35,37,40,42,44,45,47,49,50,55,56
0,3,5,7,10,11,12,17,18,23,28,31,33,36,37,40,42,44,46,48,49,50,54,56
1,2,4,6,7,10,11,12,17,20,25,28,30,31,33,35,37,39,42,44,46,47,49,50,51,56
1,2,5,7,10,11,12,17,22,23,28,30,31,33,35,37,40,42,44,46,48,49,54,55,56
0,3,4,6,7,10,16,21,25,28,32,33,35,37,39,41,43,46,47,51,52,53,54,55
0,3,6,7,10,11,15,20,23,28,31,33,35,37,39,42,44,46,47,56
1,2,4,5,7,10,13,20,23,29,30,31,32,33,36,37,39,42,44,46,48,49,55
1,3,4,5,8,10,12,15,20,23,27,30,33,35,37,40,42,44,45,48,49,52,53,54,56
1,2,4,5,7,10,11,13,20,23,27,31,32,33,35,37,39,42,44,45,48,49,50,51,54,56
0,3,6,8,10,14,21,23,28,30,32,33,35,37,39,41,44,46,47,49,50,51,52,53,54,56
1,3,4,6,7,10,12,15,21,24,27,30,31,33,35,37,40,42,44,46,47,49,50,55,56
1,2,5,7,10,15,20,23,28,30,31,33,36,37,40,42,44,46,47,49,50,51,54,56
0,3,6,7,10,11,12,14,19,25,27,33,36,38,39,42,44,46,47,49,50,54,56
0,2,4,6,7,10,15,20,23,28,31,33,36,37,39,41,44,45,47,49,50,51,53,56
1,3,5,7,10,11,12,15,19,25,28,30,31,33,35,37,39,41,44,45,47,50,51,54,55,56
0,3,6,7,10,11,12,15,20,26,27,33,35,37,39,42,44,46,47,50,54,56
0,3,6,8,10,15,20,26,28,30,31,33,36,37,40,42,44,46,47,49,50,51,52,53,54,56
0,2,4,5,7,10,11,15,20,23,28,31,33,36,37,40,42,44,46,47,49,51,53,54,56
0,2,5,7,10,12,16,19,23,28,31,34,36,37,40,42,44,46,47,49,54,56
0,2,4,6,8,10,15,20,24,28,30,31,33,36,37,39,41,44,45,47,49,50,56
1,2,5,8,10,15,20,24,28,33,36,37,39,42,44,46,48,49,50,54
1,3,4,5,7,10,11,15,20,23,28,30,33,36,37,39,41,44,46,47,50,51,52,53,54,55,56
0,2,4,6,7,10,11,12,14,20,26,28,31,33,36,37,40,42,44,46,48,49,50,53,54,56
1,2,4,5,7,10,15,20,25,27,32,33,36,37,39,41,43,46,47,49,50,51,52,54
1,2,6,7,10,13,20,23,27,31,33,36,37,39,41,44,45,48,49,50,52,56
0,2,4,6,7,9,11,15,21,23,29,31,33,36,37,40,41,44,46,48,49,52,54,55,56
0,2,4,5,8,10,11,16,20,26,28,30,31,33,36,37,39,42,44,45,47,56
0,3,6,7,10,11,12,16,21,26,28,30,31,33,36,37,40,42,44,46,47,49,54,56
1,2,4,5,7,10,12,16,20,23,28,31,32,33,35,37,40,41,44,46,47,49,50,54,55,56
0,3,4,6,7,10,11,16,18,24,28,33,36,37,39,42,43,46,48,49,50,51,54,55,56
1,2,5,7,10,13,20,25,28,30,33,35,37,40,42,44,46,48,49,52,53,56
0,3,6,7,10,13,20,23,28,30,33,35,37,39,42,44,45,47,55,56
0,2,6,7,9,11,12,15,19,26,27,31,34,35,37,39,42,44,45,47,49,54,55,56
0,2,4,6,7,10,13,18,25,28,31,33,36,37,39,42,44,46,47,49,56
0,2,6,8,9,11,12,15,21,24,28,31,33,36,37,39,42,44,46,47,51,53,55,56
1,2,4,6,7,10,13,21,25,27,30,32,33,35,37,39,42,43,45,47,49,50,51,52,53
0,2,4,6,7,10,11,15,20,26,28,30,31,33,36,37,39,42,44,46,47,49,56
0,3,6,7,10,11,12,17,20,26,28,31,33,35,37,39,42,44,46,47,49,50,56
1,2,4,6,7,10,11,17,20,23,27,30,31,33,35,37,39,42,44,46,48,49,52,54,56
1,2,6,7,10,15,21,23,28,31,32,33,36,37,39,42,44,45,47,54
0,2,6,7,10,12,16,21,23,28,31,33,35,37,39,42,44,46,47,49,55,56
0,3,6,7,10,11,12,17,22,23,27,31,33,36,37,40,42,44,46,47,49,50,51,54,55,56
0,2,4,6,7,10,15,20,24,28,30,31,33,35,37,40,42,44,46,47,49,50,51,56
1,2,4,6,7,10,13,21,23,28,30,31,32,33,35,37,39,42,43,45,47,49,50,56
1,2,4,6,7,9,15,20,25,28,30,31,33,35,37,39,42,44,46,48,49,50,51,54,56
0,3,6,7,10,11,12,15,21,23,27,31,32,33,36,37,39,42,44,46,48,49,50,51,52,53,54
1,2,4,5,7,10,15,20,26,28,30,31,33,36,37,40,42,44,45,47,49,56
0,2,5,7,10,13,20,24,28,30,31,34,36,38,40,42,44,46,47,55,56
0,3,6,7,10,11,15,20,24,28,33,36,37,39,41,44,46,47,49,50,54,55,56
0,2,6,7,10,12,15,20,25,27,30,33,36,37,40,42,44,45,47,50,54,55,56
0,2,6,7,10,11,12,16,21,23,28,34,36,37,39,42,44,46,47,51,52,53,54,56
1,2,5,8,10,15,20,25,27,31,34,36,37,39,42,44,45,47,49,50,52,54,56
1,2,6,7,10,16,20,23,28,33,36,38,40,42,44,45,48,49,51,54,56
1,2,4,6,7,10,13,21,23,28,31,32,33,35,37,40,42,43,45,48,49,55
0,3,4,6,8,10,11,12,17,20,23,28,30,31,33,35,37,40,42,44,46,47,49,50,51,52,53,54,56
0,2,6,7,10,11,12,15,20,26,28,30,31,34,36,37,40,42,44,45,47,49,54,56
0,3,4,5,8,10,13,21,23,28,30,31,32,33,35,37,40,42,44,46,48,49,54,56
0,2,4,6,8,9,12,16,20,23,28,30,31,32,33,36,37,39,42,44,46,47,49,55,56
0,3,5,8,10,11,12,17,20,24,27,30,33,36,37,40,42,44,46,47,51,52,53,55,56
0,2,4,6,7,10,13,20,26,28,31,33,36,37,40,42,44,45,48,49,51,54,55,56
1,2,4,5,7,10,11,15,20,23,28,30,31,32,33,36,37,40,41,44,46,48,49,50,51,54,56
0,3,4,5,7,10,12,15,21,26,27,33,35,37,39,42,44,46,47,52,53,54,55,56
1,3,5,8,10,11,15,18,25,27,33,35,37,39,42,44,46,47,49,52,56
0,2,4,6,7,10,11,12,17,20,24,29,32,33,36,37,39,42,44,46,48,51,52,53,54,55,56
0,2,6,7,10,15,21,23,27,31,33,36,37,39,42,44,46,47,49,50,54,56
1,3,4,5,7,10,15,20,23,29,30,32,33,36,37,39,42,43,46,48,49,50,52,53,54,55,56
1,3,6,8,10,11,12,15,20,23,27,33,35,37,40,42,44,46,47,49,51,53,54,55,56
0,2,4,6,7,10,13,20,23,29,31,32,33,36,37,39,41,43,45,47,50,54,56
0,2,6,7,10,11,17,21,24,28,30,31,33,36,37,40,42,44,46,47,49,56
0,2,6,7,10,11,12,15,21,24,28,31,34,36,37,40,42,44,46,47,49,52,53,54,55,56
0,3,6,8,10,11,12,15,20,23,28,31,33,35,37,40,41,44,46,47,49,56
1,3,4,5,7,10,15,20,23,28,30,32,33,36,37,39,41,44,46,47,49,50,51,54
1,2,4,5,7,10,13,18,23,27,30,33,36,37,40,42,43,46,48,50,51,52,54,56
0,2,4,6,7,10,11,12,15,20,24,28,31,33,35,37,40,41,44,45,47,54,56
1,3,5,7,10,15,21,26,28,30,31,33,35,37,40,42,44,46,47,49
1,3,6,7,10,14,21,25,28,30,31,33,35,37,39,41,44,46,48,49,53,54
1,2,5,7,10,13,20,23,28,30,31,32,33,36,37,40,41,44,45,47,49,50,51,52,53,54,56
0,3,4,6,7,10,15,21,26,27,31,33,35,37,39,42,43,46,47,49,50,51,52,53,55
0,3,4,6,8,10,11,12,17,22,24,28,33,36,37,39,42,44,46,48,50,52,56
0,3,6,7,10,11,12,14,20,26,27,31,33,36,37,40,42,44,46,47,49,51,52,53,56
1,3,4,5,7,10,15,20,24,28,30,32,33,35,37,40,42,43,46,47,49,50,52,53,54,56
1,3,4,6,8,10,11,12,16,20,26,28,33,36,37,40,42,44,46,47,49,50,51,54,56
0,3,6,7,10,11,12,15,22,26,27,30,31,33,36,37,40,42,44,45,47,49,50,55,56
0,2,4,6,7,10,12,15,22,24,28,31,34,36,37,39,41,44,45,48,50,51,54,56
0,2,6,8,10,11,12,17,22,26,28,31,33,36,37,39,42,44,46,47,49,50,56
1,2,4,5,7,10,11,15,20,25,28,33,35,37,39,42,44,46,48,49,54,56
1,2,4,5,7,10,13,20,25,28,30,31,33,35,37,39,42,44,45,47,49,53,54,56
0,2,6,7,9,11,12,15,20,23,29,30,33,36,37,40,41,44,46,48,49,54,55,56
0,2,4,6,7,9,11,12,13,22,23,28,30,31,34,35,37,39,42,44,45,47,49,51,55,56
0,2,4,6,8,10,16,21,23,27,31,33,35,37,40,42,44,46,48,50,56
1,2,4,5,7,10,13,20,23,28,30,33,36,37,39,42,44,46,47,49,50,54,56
0,3,6,8,9,11,12,17,22,23,28,33,35,37,40,42,44,46,47,49,50,54,55,56
1,3,4,5,7,10,15,21,23,28,30,33,36,37,40,41,44,46,48,49,50,51,53,56
1,2,4,6,7,10,13,18,23,27,30,31,33,36,37,39,42,43,45,47,49,54,56
1,3,4,5,8,10,11,16,20,23,28,30,33,35,37,39,41,44,46,47,49,50,52,53,54,55,56
0,2,5,7,10,13,20,23,28,30,31,33,36,37,39,42,44,45,47,49,56
1,3,4,5,7,10,12,13,20,23,28,30,31,33,36,38,39,42,44,45,47,51,52,53
1,3,6,7,9,15,20,25,28,31,34,35,37,39,42,44,46,47,49,50,54,56
0,2,6,7,10,13,20,24,28,30,33,36,37,39,42,44,45,47,49,53,54,56
0,2,5,7,10,11,12,16,21,26,29,30,31,33,36,38,40,42,44,46,48,49,52,53,56
0,2,4,5,7,10,15,20,26,29,30,31,33,35,37,39,42,44,46,48,53,55,56
0,2,4,6,7,10,13,20,23,28,30,31,33,35,37,40,42,44,45,48,49,51,56
1,3,4,6,8,10,11,12,15,21,24,28,31,33,36,37,39,42,44,46,47,49,50,54,56
0,3,4,6,7,10,13,21,25,29,30,31,33,35,37,40,41,44,46,47,49,50,51,52,53,54,55,56
0,3,6,7,10,12,15,20,24,28,31,34,35,37,39,41,44,46,47,49,54
1,2,4,6,8,9,13,20,26,28,30,31,33,35,37,39,42,44,46,47,49,50,54,56
0,2,4,6,8,10,12,16,21,23,27,31,33,35,37,40,42,44,46,48,49,54,55,56
0,2,6,7,9,11,12,16,21,24,28,31,33,35,37,39,41,44,45,48,52,53,55
0,3,5,7,10,11,12,17,22,23,28,33,35,37,40,42,44,46,47,50,51,52,53,54,55,56
0,3,6,8,9,11,16,20,24,28,31,33,36,37,39,42,44,46,47,49,56
0,2,4,6,8,10,16,20,23,28,30,31,34,36,37,39,42,44,46,48,49,50,51,52,53,54,55,56
0,2,4,6,7,10,16,20,23,28,30,31,33,36,37,40,42,44,46,47,49,56
1,3,6,8,9,15,21,23,27,30,31,33,36,37,39,41,44,46,48,49,52,54,56
1,2,5,7,10,12,15,21,23,28,30,31,33,36,37,39,42,44,46,47,49,50,51,56
0,2,4,6,7,10,11,12,16,20,24,27,31,33,36,37,39,42,44,46,48,53,56
0,2,4,6,7,10,15,20,24,28,30,31,34,35,37,40,42,44,46,47,49,50,51,54,56
0,3,4,5,8,9,11,12,17,20,23,28,30,31,33,36,37,39,42,44,46,47,52,53,54,56
1,3,4,6,8,9,15,20,24,28,33,35,37,39,42,44,45,48,49,54,55,56
0,2,4,6,7,10,12,13,19,26,28,30,31,33,36,37,39,42,44,46,48,49,55,56
0,3,6,7,10,15,20,25,28,33,35,37,39,41,44,46,47,49,52,53,54,56
0,3,4,6,8,10,11,12,17,21,23,28,30,33,35,37,40,42,44,46,47,49,56
1,3,4,6,7,10,11,12,16,21,24,28,33,36,37,40,42,44,46,47,49,51,52,53,55
0,2,6,7,10,11,12,14,20,24,28,31,33,36,37,40,42,44,46,47,49,51,53,56
0,2,4,6,7,9,11,12,15,22,24,28,30,31,34,36,37,39,42,44,45,47,49,51,56
0,2,4,6,7,10,11,12,13,20,23,27,31,33,36,37,39,42,44,46,47,49,51,55,56
0,2,4,6,8,10,11,12,15,20,24,29,30,31,33,36,37,39,42,44,46,48,49,50,51,56
0,2,6,7,10,15,20,24,27,31,33,36,37,40,41,44,46,47,49,52,53,54,56
1,3,5,7,10,15,20,23,27,30,31,33,35,37,39,42,44,45,47,49,54,56
0,3,6,7,10,11,12,15,20,24,28,31,33,36,37,40,42,44,46,47,49,50,54,56
1,2,4,6,7,10,15,20,23,29,30,31,32,33,36,37,39,42,44,46,48,51,52,55
0,3,5,7,10,14,21,26,28,31,33,35,37,40,42,44,46,48,49,50,54,55,56
0,2,6,8,10,13,20,25,28,31,34,35,37,39,42,44,46,47,49,52,53,55,56
0,2,4,6,8,9,15,20,23,29,30,31,32,33,36,37,39,41,44,46,48,49,51,54
0,3,6,8,10,16,20,23,28,31,32,33,35,37,39,42,44,45,48,49,50,51,53,54,56
1,2,6,7,10,15,20,23,29,31,34,36,37,40,42,44,46,47,54,56
0,3,4,6,7,10,11,12,14,20,24,28,33,36,37,39,42,44,46,47,49,50,53,54,56
1,2,5,7,10,11,12,15,21,23,27,30,33,35,37,39,41,44,46,47,49,54,56
0,3,6,8,9,11,12,17,19,26,28,31,33,36,37,39,42,44,45,47,49,52,53,54,55,56
0,2,4,6,8,9,16,20,26,28,30,31,33,36,37,39,42,44,46,47,49,51,53,54,55,56
1,2,4,5,7,10,13,18,23,28,30,32,33,35,37,39,41,43,46,48,55,56
1,2,4,5,8,10,11,12,15,20,26,28,30,31,33,35,37,39,42,44,46,47,49,50,51,56
1,3,6,8,9,15,20,26,28,30,31,33,36,37,40,42,44,45,47,49,50,51,52,53,54,55,56
0,2,6,7,9,15,20,26,28,31,34,36,37,39,42,44,46,47,51,54,56
1,2,6,7,10,11,12,17,21,23,28,30,31,33,36,37,39,42,44,46,48,49,51,53,54,56
0,3,6,7,10,11,17,20,23,28,30,31,33,35,37,40,42,44,46,47,50,56
0,3,4,6,8,10,15,20,23,28,31,33,36,38,40,42,44,46,47,49,50,51,52,53,54,56
0,2,4,6,7,9,11,12,14,20,26,28,31,33,36,37,39,41,44,46,48,53,55,56
1,2,4,6,7,10,12,13,21,23,29,32,33,35,37,39,42,43,46,48,49,50,51,56
0,2,4,6,7,10,11,15,20,24,28,31,33,36,37,39,42,44,46,48,49,52,53,56
1,2,5,8,10,15,21,23,28,30,32,33,36,37,39,42,44,46,48,49,50,55
0,2,4,5,7,10,11,12,17,20,26,28,30,31,33,35,37,40,42,44,46,47,49,51,52,54,55,56
0,2,4,5,7,10,11,12,17,22,23,28,33,35,37,40,42,44,46,47,49,50,51,54,56
1,3,5,8,10,15,18,23,28,33,35,37,39,42,44,45,47,49,50,51,52,53,54,55,56
0,2,4,6,8,10,15,20,24,29,31,33,35,37,40,41,44,46,48,49,56
1,2,6,7,10,13,20,24,28,31,34,36,37,39,41,44,46,47,49,50,52,53
0,3,4,6,7,10,11,12,17,21,24,28,30,33,35,37,40,42,44,46,47,51,53,55,56
0,2,4,6,7,10,15,21,26,27,30,31,33,36,37,39,42,44,46,48,49,55,56
0,2,6,7,10,11,12,16,22,25,27,31,34,36,37,40,41,44,46,47,49,50,51,56
0,3,6,7,10,11,12,14,21,26,28,31,33,35,37,40,42,44,46,47,49,56
1,2,5,8,10,13,20,23,28,31,33,35,37,40,42,43,46,47,49,50,51,53
0,3,6,7,10,15,20,24,28,33,36,37,39,42,44,46,47,49,54,55,56
0,3,4,5,8,10,15,20,26,28,32,33,35,37,39,42,44,45,47,52,53,54,55,56
0,3,4,6,8,10,11,12,15,22,24,27,30,33,35,37,39,42,44,46,47,49,52,54,56
1,3,5,7,10,15,21,23,28,30,31,33,36,37,40,42,44,45,47,49,50,51,53,54,55,56
1,3,4,5,7,10,15,20,24,29,30,32,33,36,37,39,42,44,46,47,49,50,51,52,53,54,55,56
0,2,5,7,10,15,20,26,28,31,34,36,37,39,41,44,46,48,51,52,53,54,56
0,2,4,5,7,10,15,20,26,28,33,36,37,39,42,44,46,47,49,55,56
1,3,4,6,7,10,13,21,25,28,30,31,33,35,37,39,42,44,46,48,49,52,53,56
0,3,4,6,8,10,13,20,23,28,30,31,34,36,37,40,42,44,46,48,49,52,53,56
0,2,4,6,8,9,15,20,23,28,30,33,36,37,39,42,44,46,47,54,55,56
0,3,6,8,10,11,17,20,23,28,31,33,35,37,40,42,44,46,47,49,50,53,54,56
0,2,4,6,7,9,11,12,16,21,23,28,31,33,36,37,39,42,44,46,48,49,54,55,56
0,2,6,7,9,15,20,25,28,31,33,35,37,40,42,44,46,48,49,51,56
0,3,6,7,10,11,12,15,21,24,27,30,33,35,37,40,42,44,46,47,49,50,54,55,56
1,3,4,6,7,10,11,12,14,20,23,28,30,31,32,33,36,37,39,42,44,46,47,49,50,51,52,53,55,56
0,3,6,7,10,11,12,16,20,23,28,33,36,38,40,41,44,46,47,49,54,56
1,2,4,5,7,10,15,21,23,27,30,31,33,35,37,39,41,44,45,47,56
1,2,4,5,7,10,13,20,26,28,30,33,36,37,40,41,44,46,48,49,50,51,54,56
0,2,4,6,7,10,16,20,23,28,30,31,33,36,37,40,42,44,46,48,49,51,52,55,56
0,2,4,5,8,10,16,21,23,28,31,33,36,37,40,42,44,46,47,52,56
1,3,5,7,10,13,20,25,27,30,33,35,37,40,42,44,45,47,50,51,52,53,54,55,56
0,3,4,5,8,9,11,12,15,20,26,28,30,31,33,36,37,40,42,44,46,47,49,51,52,53,55,56
0,3,4,6,7,10,13,20,24,29,30,33,35,37,39,41,43,46,47,50,51,52,53,54,55,56
0,3,6,8,10,11,12,14,20,24,27,33,35,37,40,42,44,46,47,53,54,55,56
0,3,4,6,7,10,11,16,21,23,28,30,32,33,36,37,40,41,43,45,47,49,50,55
0,3,4,5,7,10,11,12,17,21,23,28,31,33,35,37,39,42,44,46,48,49,54,55,56
0,2,4,6,7,10,11,12,14,19,23,28,33,35,37,40,42,44,46,47,49,51,54,56
1,3,4,6,7,10,13,20,23,29,30,32,33,35,37,40,41,43,46,48,49,50,53,54,55
0,2,6,7,9,15,20,24,28,32,33,35,37,39,42,44,45,47,49,51,54,55,56
1,3,4,5,8,10,16,21,25,28,30,31,32,33,36,37,39,42,44,45,47,51,52,53
0,3,6,7,10,11,12,16,20,24,28,31,33,35,37,40,42,44,46,48,49,56
1,2,4,5,7,10,13,20,25,28,31,32,33,36,37,39,42,44,46,48,49,54,55
1,2,4,6,7,10,15,20,23,28,30,31,33,35,37,40,42,44,45,47,54,55
1,2,6,7,10,11,12,15,20,26,28,33,35,37,40,42,43,46,48,49,50,51,54,56
1,3,4,5,7,10,15,20,25,28,30,33,35,37,40,41,44,46,48,49,50,53,54
0,2,6,7,10,11,12,17,21,24,28,31,33,36,37,40,41,44,46,47,49,54,55,56
1,2,4,5,8,10,11,12,17,21,23,28,31,33,35,37,40,42,44,46,47,49,50,52,53,56
1,2,4,5,7,10,15,20,25,28,30,31,34,35,38,39,42,44,45,47,49,54,56
1,2,4,6,7,10,11,12,13,21,25,28,30,31,32,33,35,37,40,42,44,46,48,51,52,53,55,56
0,2,4,6,7,10,12,15,21,26,27,31,33,36,37,40,42,44,46,48,49,50,51,53,55,56
1,2,5,8,10,13,21,26,27,30,31,33,36,37,39,42,44,46,47,49,50,54,56
0,3,6,7,10,11,14,21,25,28,33,35,37,39,42,44,46,47,51,52,53,56
0,2,4,6,7,10,16,20,26,28,31,32,33,36,37,40,42,43,46,48,49,50,51,53,54,55
1,2,4,5,7,10,13,20,23,28,30,33,36,37,40,42,43,45,48,49,50,56
1,2,4,6,8,10,13,20,23,27,33,35,37,39,42,44,46,47,49,50,56
1,2,5,8,10,11,12,13,20,25,28,30,31,33,36,37,39,41,44,45,47,49
1,2,4,6,8,10,15,20,24,28,31,33,35,37,39,42,44,46,48,49,50,51,56
0,2,4,5,8,10,13,20,26,28,30,31,33,36,37,40,42,44,45,47,49,56
1,2,4,6,8,9,11,16,20,26,28,30,31,33,35,37,39,42,44,45,48,54,56
0,3,6,7,10,15,20,26,28,30,31,33,36,37,40,42,44,46,48,49,56
0,3,6,8,10,15,20,24,28,30,31,33,36,37,39,42,44,46,47,50,54
1,2,4,6,7,9,13,18,25,28,31,33,35,37,40,42,44,46,48,49,50,51,56
0,3,6,7,10,11,12,16,20,24,27,31,33,36,37,40,42,44,46,47,49,54,55,56
1,3,6,7,10,13,21,24,28,30,31,33,36,37,40,42,44,45,48,49,50,51,52,53
0,3,4,6,8,9,11,16,20,24,28,30,33,35,37,40,42,44,46,48,49,50,51,52,53,54,55,56
1,2,4,6,7,10,15,18,23,28,33,36,37,40,42,43,45,47,49,50,54,55,56
0,3,6,7,10,16,20,26,27,30,31,33,35,37,40,41,44,46,47,49,50,55,56
1,3,5,8,10,13,20,23,28,30,33,35,37,40,42,44,46,47,49,50,51,52,53,54
1,2,5,8,10,16,21,24,28,33,36,37,40,42,44,46,48,49,50,51,52,54,56
1,2,6,7,10,15,21,23,28,30,31,33,36,37,40,42,44,45,47,49,54,56
0,2,6,7,10,11,15,20,26,28,31,33,36,37,40,42,44,46,47,49,53,55,56
1,3,4,5,7,10,15,20,25,28,30,33,35,37,40,42,43,45,48,49,50,51,52,53,55
0,2,4,6,7,10,11,12,15,20,26,28,31,33,35,37,39,42,44,46,48,50,51,52,53,55,56
0,3,6,7,10,11,13,20,26,28,30,31,33,35,37,40,42,44,46,48,49,53,56
0,2,6,7,10,16,21,23,27,30,34,36,37,40,41,44,46,48,49,50,51,52,53,54,56
0,2,5,7,10,11,12,16,19,23,28,31,34,36,37,40,42,44,46,47,49,54,56
0,3,4,6,7,9,11,16,20,23,29,32,33,35,37,40,42,44,45,47,49,50,54,56
0,2,4,6,7,10,15,20,23,29,30,31,33,35,37,40,42,43,45,48,50,51,52,53,54,55,56
1,2,6,8,10,15,21,25,28,31,33,35,37,39,42,44,46,48,56
0,2,4,6,7,9,13,18,24,27,31,33,36,37,39,42,44,46,48,54,55,56
0,3,4,6,7,10,15,20,26,28,33,35,37,39,41,44,46,47,49,50,54,55,56
0,2,4,5,7,9,11,15,21,24,28,30,31,33,35,37,39,41,43,46,48,49,54,55,56
1,2,4,6,7,10,11,12,16,21,25,28,30,31,33,36,37,39,42,44,46,48,49,53,55,56
0,2,4,6,7,10,13,21,24,28,31,33,36,37,40,42,44,46,48,49,56
1,2,4,6,7,10,11,15,20,23,28,30,31,33,36,37,39,42,44,46,47,49,54,56
0,2,6,7,10,11,15,20,26,28,31,33,36,37,39,42,44,46,47,55,56
1,3,4,6,7,10,15,20,23,28,32,33,35,37,40,42,44,45,48,52,53,54
0,3,6,7,9,11,12,16,20,23,28,31,33,36,37,40,42,44,46,47,49,50,51,56
0,2,4,6,8,10,11,15,20,26,28,30,31,33,35,37,39,42,44,46,47,49,50,51,53,56
0,2,4,6,7,9,15,20,23,28,30,31,33,35,37,40,42,44,46,48,56
1,2,5,7,10,12,13,21,25,28,30,31,33,36,37,40,42,44,46,47,56
1,3,5,8,10,11,14,21,26,27,31,33,36,37,40,42,44,46,47,49,51,55
1,2,6,8,9,15,20,24,28,33,36,37,39,42,43,45,47,49,51,55
1,2,5,7,10,15,21,23,28,30,33,35,37,39,42,44,45,47,49,56
1,2,4,5,7,10,15,20,23,28,33,35,37,40,42,44,46,47,50,51,53,55
0,2,4,6,7,10,11,12,15,22,23,28,34,36,37,39,42,44,45,48,49,54,56
0,3,4,6,7,10,11,12,17,20,23,28,31,33,36,37,39,41,44,46,47,49,56
0,2,6,7,10,16,21,24,28,33,36,37,39,41,44,46,47,53,54,55,56
0,2,4,6,7,10,11,12,15,20,23,28,31,33,36,37,40,42,44,46,48,49,51,54,56
0,3,6,8,9,11,12,16,20,24,28,31,34,36,38,40,42,44,46,47,49,54,56
0,2,4,5,8,10,11,12,16,20,25,28,33,36,37,39,42,44,45,47,49,55,56
0,3,4,6,7,10,15,20,24,28,31,33,35,37,40,42,44,46,47,49,51,54,56
0,3,4,6,7,10,15,18,23,29,32,33,36,37,40,41,43,46,48,49,50,52,55
0,2,4,6,7,10,12,13,20,23,28,31,33,36,37,39,42,44,46,47,49,56
0,2,6,7,10,11,12,15,20,26,28,33,35,37,40,41,44,46,47,49,51,55,56
1,2,4,5,7,10,11,12,17,18,26,28,30,33,36,37,40,42,44,46,48,49,50,52,54,55,56
1,2,5,7,10,15,20,23,28,30,31,33,36,37,39,42,44,46,47,49,50,51,54,55,56
1,2,4,5,7,9,11,12,16,21,23,28,33,36,37,39,42,44,46,47,49,50,51,52,53,55,56
0,3,4,5,8,10,11,16,20,26,28,30,31,33,36,37,40,42,44,46,47,49,50,54,56
0,2,4,6,8,9,11,12,14,20,24,28,31,33,36,38,39,42,44,46,48,49,51,54,56
0,2,4,6,7,10,15,21,23,27,31,33,36,37,39,42,44,45,47,49,51,54,55,56
0,2,6,8,10,15,20,24,28,30,31,33,36,37,40,41,44,46,48,55,56
0,3,4,6,8,10,15,20,23,28,32,33,35,37,39,42,43,46,48,51,52,53,54
0,3,6,8,10,15,18,24,27,31,34,36,37,40,42,44,46,47,49,54,56
0,2,4,6,7,10,11,12,17,21,23,28,31,33,36,37,40,42,44,46,47,49,50,51,53,54,56
0,2,4,6,8,10,13,21,23,28,31,32,33,36,37,39,41,44,46,48,49,54,55,56
1,3,4,6,7,10,11,13,21,23,28,30,32,33,35,37,40,42,44,45,47,55
1,3,5,7,10,16,21,23,28,30,33,36,37,40,42,44,46,48,49,50,52,53,54,55
0,3,4,6,7,10,15,20,24,28,30,31,32,33,36,38,39,42,44,46,47,52,53,54,55,56
0,2,6,8,10,11,12,17,21,23,28,30,31,33,36,37,40,42,44,46,47,49,50,56
1,3,4,6,7,10,11,12,17,22,24,27,31,33,35,37,40,41,44,46,47,51,53,55,56
0,3,6,7,10,11,12,16,21,25,28,34,36,37,40,42,44,46,47,49,50,51,52,53,54,55
1,3,4,5,7,10,11,12,14,20,23,27,30,32,33,35,37,40,42,44,46,48,53,54
0,3,6,7,9,11,12,15,21,26,28,31,33,36,37,40,41,44,46,48,52,53,56
0,2,6,8,10,11,12,14,19,25,28,31,33,36,37,40,42,44,46,48,49,50,51,54,56
0,2,4,6,7,10,15,20,23,28,31,33,36,37,39,41,44,46,47,49,50,51,54,55,56
0,3,4,6,7,10,11,14,20,26,27,31,33,36,37,40,42,44,46,48,49,50,51,53,54,55,56
1,2,5,7,10,12,13,21,23,28,30,31,33,35,37,39,42,44,45,47,49,50,54,56
1,2,4,5,8,9,13,20,23,28,30,31,33,35,37,39,42,44,45,48,49,51,53,54,56
0,3,6,8,10,16,21,24,28,30,31,33,35,38,40,42,44,46,47,49,53,54,56
0,2,6,8,9,13,20,24,28,30,33,36,37,40,42,43,46,48,49,50,54,56
1,2,6,7,9,11,16,18,23,28,30,31,32,33,36,37,40,42,44,45,48,50,51,55
1,2,4,5,7,10,11,13,20,26,28,31,33,36,37,40,41,44,46,47,49,50,51,52,53,55
0,3,6,7,10,16,21,25,28,33,36,37,40,42,44,46,48,56
1,2,4,5,8,9,11,17,20,26,28,31,33,35,37,40,42,44,46,48,49,54
0,3,6,7,10,15,20,23,28,30,33,35,37,39,42,44,46,47,49,54,55,56
0,3,4,5,8,10,11,12,15,21,23,28,31,33,36,37,39,42,44,46,48,49,53,54,55,56
0,2,6,8,10,12,15,19,23,27,30,31,33,36,37,40,42,44,46,48,49,54,56
1,2,4,5,7,10,15,21,26,28,30,32,33,36,37,39,42,44,46,48,49
0,2,6,7,10,13,20,24,28,31,32,34,35,37,40,42,44,46,47,54,55,56
1,2,4,5,7,10,15,20,24,28,30,31,33,35,37,39,42,44,46,47,49,54,55,56
0,3,6,8,10,11,17,20,23,28,33,35,37,39,42,44,46,47,50,55,56
1,2,6,7,10,11,15,20,23,28,33,35,37,40,42,44,46,47,53
1,3,6,8,10,13,21,23,28,30,33,36,37,40,42,44,46,47,50,52,53,54,55,56
0,3,5,7,10,11,12,15,20,24,27,30,31,33,36,37,40,42,44,46,48,51,52,53,55,56
0,3,6,7,10,11,12,17,21,23,27,30,31,34,36,37,39,42,44,46,47,55,56
0,3,4,6,7,10,16,20,24,28,31,33,36,37,40,42,44,46,47,49,50,51,52,53,54,55,56
1,2,4,5,7,10,16,20,24,28,30,31,33,35,37,39,42,44,46,48,49,54,55,56
0,2,4,6,7,10,11,12,16,22,24,28,30,32,33,36,37,39,42,44,46,47,49,51,52,53,55,56
0,2,4,6,7,10,11,12,15,20,26,27,31,33,36,37,39,42,44,46,47,49,56
1,2,4,6,7,10,15,20,23,27,31,32,33,36,37,40,42,44,46,48,50,51,52,53,54,55
1,2,4,6,7,10,15,18,24,28,31,33,35,37,40,42,44,45,48,50,55,56
1,2,6,8,9,13,20,26,28,30,31,33,35,37,40,41,43,45,48,55,56
0,2,6,8,9,11,12,15,20,24,28,31,34,35,37,40,42,44,46,48,49,56
0,3,4,6,7,10,11,12,15,21,26,28,33,35,37,40,41,44,46,47,49,51,52,53,54,56
1,2,5,7,10,15,21,23,27,30,31,33,36,37,40,42,44,46,47,49,51,56
0,3,4,6,8,9,11,12,16,18,26,28,31,33,36,37,39,42,44,46,47,49,55,56
0,3,4,6,8,9,11,12,15,20,26,29,31,33,35,37,40,42,44,46,48,49,51,53,55,56
1,3,4,6,7,10,11,15,20,25,27,30,31,33,36,38,39,42,44,46,47,49,52,56
0,2,6,7,10,13,21,23,27,31,33,35,37,39,41,44,45,48,51,52,53,55,56
1,2,6,7,10,15,21,23,28,31,33,36,37,40,42,44,46,47,49,56
1,2,5,8,10,13,20,23,28,30,33,36,37,39,42,43,45,48,49,53,54
1,3,4,5,7,10,11,15,20,24,27,30,32,33,35,38,39,42,44,45,47,49,50,52,53
0,3,4,6,8,9,11,17,21,24,28,33,35,37,39,42,44,46,47,49,50,51,52,53,55,56
1,2,4,6,7,10,15,18,23,28,33,36,37,40,42,44,45,47,49,54,55,56
0,2,4,6,7,10,16,22,26,28,31,33,36,37,39,42,44,46,47,49,56
0,3,6,8,10,11,12,17,21,24,28,31,33,36,37,40,42,44,46,47,49,50,54,56
0,2,4,6,7,10,11,15,20,23,28,31,33,35,37,40,41,44,46,47,49,51,53,56
0,2,4,6,7,10,11,14,19,26,27,31,33,36,37,40,41,44,46,47,49,54,56
0,2,4,6,8,10,13,18,24,27,30,31,33,35,37,39,42,44,46,47,52,53,56
0,2,4,6,7,10,11,12,16,21,24,28,31,33,35,37,40,42,44,46,47,49,51,54,55,56
1,3,4,6,8,10,11,12,13,19,24,28,31,33,36,37,40,42,43,46,48,49,50,51,52,53,54
1,2,4,6,7,10,11,12,16,21,23,28,30,33,36,37,39,42,44,46,47,49,50,54,56
0,3,4,6,8,10,16,21,26,28,31,33,36,37,40,41,43,46,47,49,50,51,53,55,56
0,3,5,7,10,13,20,23,28,30,33,35,37,39,41,44,45,47,49,55,56
0,3,4,6,8,10,15,20,24,27,31,33,35,37,40,41,44,46,48,49,50,52,53,54,56
0,2,6,7,10,11,16,20,24,28,30,31,34,36,37,39,42,44,46,47,49,51,55,56
1,2,4,6,7,10,11,12,14,19,23,27,31,33,36,37,39,42,44,46,47,49,51,54,56
0,3,4,5,7,10,16,20,23,28,30,33,36,37,39,42,44,46,47,49,50,51,52,53,54,56
0,3,4,5,8,10,13,20,23,28,30,32,33,35,38,40,42,43,46,48,52,54,55
0,2,4,6,7,10,13,21,23,28,31,33,35,37,40,42,44,46,47,49,56
0,3,4,6,7,10,11,16,21,25,28,32,33,35,37,39,41,43,46,48,49,50,51,52,53,55
1,3,4,5,7,10,11,12,16,20,24,28,30,31,32,33,36,38,40,41,44,46,48,49,50,51,53,55,56
0,3,4,6,8,10,12,16,21,26,27,31,33,36,37,39,41,44,46,47,49,53,56
0,3,4,6,8,10,11,12,15,20,26,27,33,36,37,39,42,44,46,47,49,51,52,53,54,56
0,2,4,6,7,10,11,16,20,24,28,31,33,36,37,40,41,44,46,48,55,56
0,2,6,8,9,11,12,15,20,25,28,33,35,37,39,42,44,46,47,49,51,52,53,56
1,2,4,6,7,10,11,14,18,23,28,33,36,37,39,42,44,45,48,54
0,2,6,7,10,13,21,23,28,31,33,35,37,39,41,44,46,47,56
0,2,6,7,10,11,12,16,21,26,27,30,31,33,35,37,39,42,44,46,48,49,50,51,52,53,54,55,56
1,3,5,7,10,15,20,23,28,30,31,33,36,37,40,42,44,45,48,49,50,51,52,53,54,55
1,2,4,6,8,10,11,12,13,18,23,28,31,33,36,37,40,42,44,46,48,51,55,56
0,2,5,8,10,11,15,20,26,27,30,31,33,36,37,39,41,44,46,47,49,50,52,53,55,56
0,2,4,5,7,9,11,15,20,24,28,31,33,36,37,39,42,44,46,47,49,52,53,56
0,2,6,7,10,11,12,14,19,26,28,31,33,36,37,39,42,44,46,48,49,50,56
0,2,6,7,10,11,12,14,20,24,28,33,36,37,39,42,44,46,47,49,50,51,55,56
0,2,4,6,7,10,16,21,26,28,31,33,36,37,40,42,44,46,47,49,51,53,54,56
0,3,6,8,10,11,12,16,20,26,28,31,33,36,37,40,42,44,46,47,49,50,54,55,56
0,2,6,7,10,15,20,24,28,31,33,35,37,39,42,44,46,48,49,50,51,54,56
1,2,6,7,10,11,16,18,23,28,33,35,37,39,42,44,46,47,53
1,2,4,5,7,10,12,15,20,23,28,30,33,36,37,39,42,44,46,47,49,50,51,53,56
0,3,5,7,9,11,12,15,22,26,28,30,31,33,36,37,40,42,44,46,48,50,54,55,56
0,2,5,7,10,13,20,26,28,34,36,37,40,42,44,45,47,49,55,56
0,3,4,5,7,10,13,18,24,28,31,33,36,37,40,41,44,45,48,50,52,56
0,3,6,7,10,11,17,20,24,28,31,33,36,37,39,42,44,45,47,49,52,54,55,56
1,2,4,6,8,9,13,21,23,28,31,33,35,37,39,42,44,45,48,49,56
0,2,6,8,10,11,12,16,21,26,27,31,34,35,37,40,42,44,46,48,49,50,51,52,53,56
0,2,4,6,7,10,11,12,15,21,24,29,31,33,36,37,40,42,44,46,47,49,51,52,53,54,55,56
1,2,5,7,10,11,12,16,20,26,28,31,33,36,37,39,42,44,46,48,49,50,51,55,56
0,2,6,7,10,11,12,15,18,23,28,31,34,36,37,39,42,44,46,47,49,51,56
0,3,6,7,10,15,20,23,27,31,33,35,37,39,42,43,46,47,49,51,52,53,54,56
1,3,4,6,8,10,11,12,17,21,25,28,30,31,33,35,37,39,42,44,46,48,49,52,54,56
1,2,4,5,7,9,13,18,23,29,30,31,32,33,36,37,40,42,43,45,48,50,51,53
0,3,6,7,10,11,15,20,26,28,33,35,37,40,42,44,45,47,49,52,54,56
1,2,5,8,10,13,20,24,28,30,33,35,37,39,42,43,45,47,51
0,3,4,6,8,10,11,12,16,19,24,27,31,33,36,37,39,42,44,46,47,51,52,53,54,55,56
0,2,4,6,7,10,15,20,24,28,31,33,36,37,39,42,44,46,48,49,51,55,56
1,2,4,6,8,10,16,21,23,27,30,31,33,35,37,39,42,44,46,48,49,50,51,53,56
1,2,6,8,10,13,20,25,28,30,31,33,36,37,39,42,44,46,47,49,53,54,55
0,2,4,6,7,10,11,15,18,24,28,32,33,36,38,39,42,44,46,48,49,55,56
1,2,4,6,7,10,15,20,23,28,30,31,33,36,37,39,41,44,46,48,55,56
0,2,6,7,10,11,12,16,18,23,28,31,33,36,37,40,42,44,46,48,49,54,55,56
0,2,4,5,7,10,15,20,26,28,30,31,33,36,37,39,42,43,46,48,49,51,55,56
0,2,4,6,7,10,11,15,21,25,28,31,33,35,37,39,42,44,46,48,49,50,52,53,55,56
0,3,4,6,7,10,15,20,26,27,31,33,35,37,39,41,44,46,47,49,54,56
0,2,4,6,7,10,12,13,20,24,27,30,33,36,37,39,42,44,45,47,53,55,56
0,2,5,7,10,11,12,16,20,26,27,31,34,36,37,40,42,44,46,47,49,55,56
0,2,6,7,10,11,12,15,20,24,27,31,33,36,37,39,42,44,45,47,49,54,56
0,2,4,6,7,10,11,12,15,20,23,28,33,36,37,40,42,44,46,48,49,50,51,55,56
0,3,5,7,10,11,17,21,25,28,33,36,37,40,42,44,46,48,49,52,53,55,56
1,3,4,6,8,10,13,21,24,28,30,33,36,37,39,41,44,45,47,49,51,52,53,55,56
1,3,6,7,10,11,15,21,24,28,30,33,36,37,39,42,44,45,47,53,54,56
0,2,4,6,7,10,12,16,21,26,27,31,33,36,37,40,42,44,45,47,49,50,52,53,54,56
1,2,5,7,10,13,21,25,28,32,33,36,37,39,42,44,45,48,49,55,56
0,2,4,5,7,10,13,20,23,28,30,31,33,35,37,40,42,44,45,47,49,50,51,54,55,56
0,2,6,7,10,13,20,23,28,30,33,36,37,40,41,44,46,48,49,54,55,56
0,2,4,6,8,9,12,13,20,24,29,30,32,33,35,37,39,42,43,46,47,52,53,54,55,56
1,3,4,6,7,10,11,12,16,20,25,28,31,32,33,36,37,40,41,44,46,48,49,50,51,52,53,54,55
1,3,4,6,8,10,13,18,23,28,30,31,33,36,37,40,42,44,45,47,49,53,54,55,56
0,2,4,6,7,10,13,20,23,27,31,33,36,37,39,41,44,46,47,49,56
1,2,4,6,8,10,15,21,23,27,31,33,36,37,39,42,44,45,48,49,56
1,2,4,6,7,10,12,13,21,23,27,30,33,36,37,39,42,44,46,48,49,54,56
1,2,5,7,10,15,20,23,27,30,31,33,36,37,39,42,43,46,47,50,51,56
0,3,4,6,8,9,11,12,14,20,26,28,31,33,36,37,39,42,44,46,47,49,50,54,56
1,2,5,7,10,15,20,24,27,30,31,33,36,37,39,41,44,46,47,49,56
0,3,6,7,10,12,13,21,23,27,32,33,35,37,39,42,43,46,47,49,53
1,2,4,6,7,10,15,20,23,28,30,31,32,33,35,37,40,42,44,45,48,50,51,52,54
1,3,4,6,8,10,12,13,21,23,28,33,35,37,39,42,43,46,48,49,52,53
0,3,4,6,7,10,15,20,26,28,33,35,37,39,42,44,46,47,49,51,53,54,55,56
0,2,4,5,7,10,11,16,21,26,27,31,32,34,36,37,39,42,43,46,47,52,53,56
0,3,4,5,7,10,15,21,25,28,30,33,35,37,39,41,43,45,47,49,54,56
0,2,6,8,10,15,18,23,27,30,31,32,34,35,37,40,42,44,46,47,49,52,54,55,56
1,2,4,5,8,9,11,15,20,23,29,30,31,32,33,36,37,39,41,43,45,48,55,56
0,3,4,6,7,10,11,17,20,24,28,31,33,36,37,40,42,44,46,48,49,53,54,56
0,3,6,7,10,12,15,20,24,27,30,33,35,37,39,42,44,46,47,49,56
0,3,4,6,7,10,12,15,20,23,27,30,33,35,37,39,42,44,46,47,49,56
1,3,4,5,8,10,13,21,26,28,33,36,37,40,42,44,46,47,49,50,51,52,53,55,56
0,3,4,6,8,10,11,12,16,20,24,28,31,33,36,37,39,42,44,46,48,49,51,52,53,55,56
0,3,6,7,10,11,15,20,26,27,30,31,33,36,37,39,42,44,46,47,49,54,56
0,3,6,7,10,11,12,17,20,24,28,31,33,36,37,40,42,44,46,47,49,52,53,54,56
0,2,6,7,10,15,20,24,28,33,35,37,39,42,44,46,48,49,50,54,55,56
1,3,4,5,7,10,15,20,23,28,30,33,35,37,40,42,43,45,48,49,50,51,52,53,54,56
0,2,4,6,8,10,15,20,24,27,31,33,35,37,40,42,44,46,47,49,52,56
0,2,4,6,7,10,11,12,13,20,23,28,33,36,38,40,42,44,46,47,49,51,52,53,54,56
0,2,4,6,7,10,15,20,23,29,30,31,33,36,37,39,41,44,46,48,49,50,51,55,56
1,3,4,5,8,10,13,21,25,27,30,33,36,37,40,42,43,46,48,49,52,53,56
0,2,6,8,10,16,21,23,28,30,31,33,36,37,39,42,44,46,47,49,52,53,54,56
1,2,6,7,10,15,21,23,28,31,32,33,36,37,39,42,44,45,47,54
0,2,6,8,10,13,18,23,28,33,35,37,39,42,44,46,47,50,51,52,53,55,56
0,2,5,7,10,11,12,16,22,23,27,30,31,33,36,37,39,42,44,46,48,49,52,54,56
0,3,4,5,7,10,11,15,20,23,28,31,33,35,37,40,41,44,45,47,49,56
0,2,6,7,9,11,12,16,20,23,27,33,35,37,39,42,44,46,47,53,54,55,56
1,2,5,8,10,15,20,26,28,30,33,35,37,40,42,44,46,47,49,50,51,53,56
0,2,6,7,9,11,16,20,23,28,31,33,36,37,39,42,44,46,47,52,54,56
0,3,6,8,10,13,20,23,28,32,33,35,37,40,42,44,45,48,49,50,51,52,53,54,55,56
0,3,4,6,8,10,11,12,16,20,24,28,31,33,35,37,40,42,44,46,48,49,53,54,55,56
0,2,4,6,8,10,15,20,23,27,33,36,37,39,42,44,46,48,50,51,53,54,56
0,3,6,7,10,11,12,17,22,23,28,33,36,37,39,42,43,46,48,52,54,55
0,3,4,6,7,10,11,12,16,21,25,28,31,33,36,37,40,42,44,46,48,49,51,52,53,54,55,56
0,3,6,7,10,11,12,16,21,24,27,34,35,37,39,42,44,46,47,49,50,51,52,54
0,2,6,7,10,16,20,26,27,30,31,33,36,37,40,42,44,46,47,49,54,56
1,2,6,8,10,11,12,16,21,25,27,30,33,36,37,39,42,44,45,47,49,54,56
1,2,6,7,10,12,13,20,25,27,30,33,36,37,39,42,43,46,48,49,53,54,55,56
0,2,4,5,7,10,13,20,23,28,30,32,33,36,37,40,41,44,45,47,49,51,53,54,55,56
0,2,6,7,10,11,16,20,23,28,31,34,36,37,39,42,44,46,47,49,54,56
0,2,4,6,7,10,11,12,17,20,23,28,31,33,36,37,39,42,44,46,47,49,50,51,52,53,54,56
0,3,4,6,8,10,14,20,23,28,30,32,33,36,37,40,42,44,46,47,49,50,51,54,56
0,2,4,5,7,10,11,15,20,26,28,31,33,35,37,40,42,44,46,48,49,54,55
0,3,5,7,10,11,12,16,20,26,28,30,34,36,38,40,41,44,46,47,54,55,56
0,2,4,6,7,10,15,20,26,28,30,31,33,35,37,40,42,44,46,48,49,54,55,56
0,3,6,8,10,11,12,14,21,23,27,33,36,37,40,42,44,46,47,49,53,54,56
0,2,6,8,10,11,14,20,25,28,31,33,36,37,39,42,44,46,47,49,54,56
0,3,4,6,7,10,11,12,16,22,24,28,33,35,37,39,42,44,46,47,49,54,55,56
0,2,4,6,7,10,13,18,23,28,31,33,36,37,40,42,44,46,47,49,54,56
0,3,6,8,10,16,21,26,27,30,33,36,37,40,42,44,46,47,52,55,56
0,2,5,7,10,11,12,14,22,25,28,31,33,36,37,40,42,44,45,47,50,51,52,53,54,56
1,3,4,6,7,10,11,12,16,18,23,28,30,31,32,33,36,38,40,42,44,45,47,49,50,51,52,53,54,56
1,3,6,7,10,14,20,26,28,30,33,35,37,39,42,44,45,47,49,54,56
0,2,4,6,7,10,11,12,14,20,26,29,30,31,33,36,37,40,42,44,46,47,51,52,53,56
1,2,5,7,10,15,20,24,27,31,34,36,37,39,41,44,46,48,49,51,55,56
0,2,4,5,7,10,12,13,20,23,27,31,33,36,37,39,42,44,46,48,49,50,54,56
0,2,6,7,10,15,20,23,28,31,33,36,37,39,42,44,45,48,49,51,54,56
1,2,4,5,7,10,11,12,17,21,25,27,30,31,33,36,38,40,42,44,46,47,49,54,56
0,3,6,7,10,11,12,16,21,23,28,31,33,36,37,40,42,44,46,47,49,53,54,56
0,3,4,6,7,10,11,14,20,23,28,30,31,33,36,37,40,42,44,46,48,49,50,51,55,56
1,2,5,7,10,13,20,25,27,30,31,34,36,37,39,42,44,45,47,49,50,54,56
0,3,4,6,8,10,16,20,23,28,30,31,32,33,35,37,40,41,43,46,47,49,50,51,52,53,54,55,56
1,3,4,5,7,10,11,16,20,23,28,32,33,35,37,39,42,43,46,47,52,54
0,2,4,6,7,10,15,20,23,28,31,33,36,37,39,42,44,45,48,49,55,56
0,3,4,6,8,10,11,16,21,23,28,30,33,35,37,40,42,44,46,48,51,52,53,54,56
1,2,4,5,7,10,11,12,15,22,25,27,30,31,33,36,37,39,41,44,46,48,52,54
0,2,4,5,8,10,13,20,23,28,30,31,33,35,37,40,42,44,46,47,49,53,54,55,56
0,2,5,8,10,14,21,26,28,30,31,34,36,37,39,42,44,46,47,49,53,54,56
1,2,4,5,7,10,11,15,20,23,28,30,31,34,36,37,39,41,44,46,47,49,52,53,54,56
0,2,6,8,10,13,20,23,28,31,33,36,37,39,42,44,45,47,49,51,55,56
0,3,4,6,8,10,11,12,17,20,26,28,31,33,36,37,40,42,44,46,47,49,50,51,53,54,56
0,3,4,5,7,10,11,13,21,24,29,33,36,37,39,41,44,45,48,49,51,52,54,56
0,3,5,7,10,12,13,21,23,28,31,34,35,38,40,42,44,45,47,49,50,51
0,3,4,5,7,10,15,20,23,28,33,35,37,39,41,44,46,47,49,50,52,53,54,56
0,3,4,6,7,10,11,12,15,20,23,28,31,33,36,38,40,42,44,46,48,49,55,56
0,2,4,6,7,10,11,16,21,23,27,31,33,36,37,39,41,44,46,47,50,52,53,54,56
0,3,6,7,10,11,12,17,20,24,28,31,33,36,38,40,42,44,46,47,50,52,53,55,56
0,3,4,5,7,10,15,20,23,27,30,31,33,36,37,40,42,44,46,47,49,50,56
0,3,6,8,10,11,12,17,20,24,29,33,36,37,39,41,44,46,48,49,50,52,53,54,55,56
0,2,6,7,10,11,12,17,21,23,28,31,33,36,37,40,42,44,46,47,49,54,56
0,2,6,7,9,11,15,20,24,28,31,33,35,37,40,42,44,46,48,49,54,56
0,3,6,7,10,11,12,16,22,25,27,31,33,36,37,40,42,44,46,48,49,50,54,56
1,2,4,6,8,10,11,17,21,23,28,31,33,36,37,39,42,44,46,47,49,51,55,56
1,3,4,6,7,10,11,12,13,18,23,28,31,32,33,36,37,40,42,43,46,47,49,50,51,53,55
1,2,5,7,9,14,20,23,28,31,33,35,37,39,41,44,45,48,56
0,2,6,7,10,12,16,22,25,28,31,34,35,37,39,42,44,46,47,56
0,2,4,6,7,10,11,12,17,22,23,28,30,31,33,36,37,39,41,44,46,48,49,54,55,56
0,3,4,6,7,10,15,20,24,28,33,36,37,39,42,44,46,47,49,50,51,54,55
0,3,4,6,8,9,11,12,17,22,26,28,31,33,36,37,40,42,44,46,47,49,50,56
1,3,5,8,10,11,14,21,26,27,31,33,36,37,40,42,44,46,47,49,51,56
0,3,6,7,10,11,12,15,20,23,27,30,32,33,36,37,40,41,44,46,47,50,51,52,53,55,56
0,2,6,7,10,13,20,23,28,31,33,36,37,39,41,44,46,47,49,54,55,56
0,3,4,6,7,10,11,12,17,22,26,28,31,34,36,37,40,42,44,46,48,49,50,51,53,56
0,2,6,7,10,12,15,20,26,28,31,34,36,37,40,42,44,45,47,49,50,53,54,55,56
1,2,4,5,7,10,13,20,23,28,30,31,32,33,35,37,40,42,44,45,48,49,54
1,2,6,7,10,15,21,23,27,32,33,36,38,40,41,44,46,47,49,50,53,56
0,3,6,8,10,15,20,23,28,31,33,35,37,40,42,44,46,48,49,54,56
1,3,4,5,7,10,16,20,23,29,30,32,33,36,37,39,42,43,46,48,49,52,53,54
1,2,5,7,10,13,20,24,27,30,31,33,36,37,40,42,44,46,47,49,56
0,2,4,6,7,10,11,12,15,20,26,29,31,33,36,37,40,42,44,46,47,49,55,56
1,3,5,7,10,11,16,20,23,27,30,33,35,37,39,42,44,46,47,49,50,51,52,53,54,56
0,2,6,8,10,11,12,15,20,26,28,30,31,33,36,37,40,42,44,46,47,49,50,51,54,56
0,2,4,5,7,10,15,20,24,28,31,34,35,37,39,42,44,45,47,54,55,56
1,2,5,7,10,15,20,25,28,30,33,36,37,40,42,44,45,47,56
0,2,4,6,8,10,11,12,14,20,26,27,31,33,35,37,40,42,44,46,48,56
0,3,6,8,10,15,20,23,28,30,33,35,37,40,42,44,45,47,49,50,51,52,53,54,56
0,2,6,7,10,11,14,21,24,27,31,32,33,36,37,39,42,44,46,47,56
0,3,6,7,10,11,12,14,20,23,28,33,36,37,40,42,44,46,47,50,51,53,54,55,56
0,2,6,8,10,11,16,20,26,28,31,33,36,37,39,42,44,46,47,49,50,51,54,55,56
0,2,4,6,7,10,11,12,16,20,24,28,30,31,33,36,37,39,42,44,46,48,49,52,53,54,55,56
0,2,4,6,7,10,11,13,20,26,27,31,33,36,37,39,42,44,46,48,49,51,55,56
0,2,4,5,7,10,13,21,26,28,30,31,33,36,37,40,42,44,46,47,49,51,54,56
0,3,5,7,10,11,12,13,22,23,28,30,31,33,36,37,39,42,44,45,48,49,54,56
0,2,4,6,7,10,15,20,23,28,33,36,37,40,42,44,46,48,49,51,52,53,54,56
0,3,4,6,7,10,15,20,24,28,30,32,34,36,37,40,42,43,46,47,49,50,56
1,2,5,8,10,15,20,23,28,31,33,36,37,39,41,44,45,48,49,52,54,56
0,2,4,5,8,9,12,15,20,23,29,30,32,33,36,37,39,42,44,46,47,49,50,51,54,55
0,2,4,6,8,9,15,20,24,28,32,33,36,37,39,41,43,46,47,55,56
1,2,6,8,10,11,15,20,24,28,30,31,33,36,37,40,42,44,46,47,51,52,55,56
1,2,5,7,10,11,12,14,22,26,27,31,33,35,37,40,41,44,46,48,49,52,53,56
1,3,6,8,10,11,12,17,19,25,27,33,36,37,39,42,44,46,47,49,52,53,54,56
1,2,4,6,8,9,13,20,23,28,33,36,37,39,42,43,45,47,50,51,54
1,2,4,6,8,10,15,18,26,28,30,31,34,35,37,39,42,44,45,47,51,53,55,56
0,3,6,7,10,11,12,16,22,23,27,31,33,36,37,40,42,44,46,47,49,54,56
1,2,5,7,10,13,18,23,27,30,31,33,36,37,39,42,44,45,47,49,56
0,2,4,6,8,10,11,17,21,26,28,31,33,36,37,40,42,44,46,47,49,54,56
1,2,4,6,7,9,12,15,21,26,27,31,32,33,36,37,39,42,44,46,47,53,55
1,3,5,8,9,11,12,13,20,24,28,31,33,36,37,39,42,44,45,47,49,53,55,56
0,3,4,5,8,10,13,20,23,29,30,31,32,33,36,37,40,42,43,46,48,49,52,54,55,56
1,3,4,5,7,10,15,21,25,28,30,32,33,35,37,39,42,44,45,47,49,53,54
1,2,4,5,8,10,16,21,23,28,31,32,33,36,37,40,42,44,46,47,54
0,2,6,7,10,11,12,13,20,23,28,31,33,36,37,39,42,44,46,47,50,55,56
1,2,4,6,7,10,11,12,15,20,24,28,31,33,35,37,39,42,44,46,48,49,56
0,3,6,7,10,16,21,23,27,34,36,37,39,42,44,46,47,49,50,56
0,3,4,6,7,10,11,12,17,20,23,28,31,33,36,37,39,42,44,46,48,49,50,51,52,53,54,56
1,2,5,8,10,13,20,23,27,30,31,33,36,37,39,42,44,45,47,49,56
0,2,4,6,8,10,13,18,23,28,31,33,36,37,40,42,44,46,48,49,54,55,56
0,2,4,6,7,10,13,20,23,28,31,34,35,37,39,41,44,45,48,49,54,55,56
0,2,4,6,8,9,15,20,23,28,31,33,36,37,39,41,44,46,48,49,51,53,54,56
1,2,5,7,10,13,20,23,27,30,31,32,34,36,37,39,42,44,45,47,50
1,3,4,6,7,10,15,20,24,28,31,33,35,38,39,41,44,46,47,49,50,52,53,54,55
0,3,4,5,7,10,13,20,24,28,31,33,35,37,39,42,44,45,47,53,55,56
1,3,6,8,9,16,21,23,28,33,35,37,40,42,44,46,47,49,54,55,56
0,3,4,6,7,10,11,16,20,23,28,30,33,35,37,39,42,43,46,47,49,50,51,52,53,54,55
0,3,6,8,10,15,20,24,28,31,33,35,37,39,42,44,46,47,49,50,51,56
0,2,4,6,7,10,11,12,15,20,23,28,30,32,33,35,37,39,42,43,46,47,49,55
1,2,4,5,7,10,13,20,23,28,30,31,33,36,37,39,42,44,46,47,49,51,54,56
1,2,4,6,8,10,13,21,23,27,30,31,33,35,37,39,42,44,46,47,49,54,56
0,2,5,7,10,15,21,26,28,30,33,36,37,40,42,44,45,48,55,56
0,2,6,7,10,16,20,26,28,30,31,33,35,37,40,41,44,46,47,50,51,53,54,56
1,3,4,6,8,10,11,16,21,23,28,30,33,35,37,39,41,44,46,47,50,51,52,53,55,56
1,3,6,7,10,11,12,15,22,23,27,31,33,36,37,40,42,44,45,48,49,56
1,3,4,6,7,10,15,20,25,28,31,32,33,36,37,40,42,43,46,47,49,50,52,53,54,56
0,3,4,5,7,10,12,15,20,23,27,30,31,32,33,36,37,40,42,44,46,47,49,51,53,54,55,56
0,3,6,8,9,16,20,23,28,30,33,35,37,39,42,44,46,47,49,50,51,52,53,54,56
1,2,4,5,7,10,15,20,25,28,30,32,33,35,37,39,42,43,46,48,49,50,51
0,2,4,6,7,10,16,20,26,28,31,33,36,37,40,42,44,46,47,49,51,52,53,54,55,56
0,2,4,6,8,10,11,12,16,21,24,28,31,33,36,37,39,42,44,46,47,49,55,56
0,2,5,7,10,16,21,26,28,30,31,33,36,37,40,41,44,46,47,49,51,54,55,56
0,2,4,5,7,10,11,12,17,20,26,28,30,31,33,36,37,40,42,44,46,48,49,50,54,56
0,2,4,6,7,10,11,12,17,21,23,28,31,33,36,38,39,42,44,46,48,49,53,54,56
1,3,5,8,10,12,13,20,26,27,30,33,36,37,40,42,44,46,47,49,51,52,53,56
0,2,4,6,7,10,12,15,20,23,27,30,31,33,35,37,40,42,44,46,48,49,56
